AO-07
1 07530U 74089B   21070.82562568 -.00000046  00000-0 -35987-5 0  9994
2 07530 101.8432  45.4738 0012012 208.6484 266.7361 12.53647742119738
UO-11
1 14781U 84021B   21070.50994145  .00000134  00000-0  22443-4 0  9990
2 14781  97.5924  75.1789 0009586  50.5143 309.6918 14.83256488971419
LO-19
1 20442U 90005G   21070.80307205 -.00000007  00000-0  13818-4 0  9994
2 20442  98.7296  25.4438 0012893  88.3267 271.9393 14.32978632626900
HUBBLE
1 20580U 90037B   21070.48746248  .00000597  00000-0  25225-4 0  9998
2 20580  28.4708 353.2648 0002876  89.5282  73.6493 15.09578613496279
MET-2/21
1 22782U 93055A   21070.40831816  .00000061  00000-0  41431-4 0  9998
2 22782  82.5519  21.7211 0021724 203.5185 275.7667 13.83833893389961
AO-27
1 22825U 93061C   21070.49867242  .00000001  00000-0  18433-4 0  9994
2 22825  98.9239  85.6782 0007770 326.0624  34.0060 14.30108257431980
IO-26
1 22826U 93061D   21070.49223337  .00000008  00000-0  20907-4 0  9992
2 22826  98.9181  85.5897 0008116 312.1384  47.9107 14.30446236432222
FO-29
1 24278U 96046B   21070.47485906 -.00000027  00000-0  71526-5 0  9997
2 24278  98.5762 151.3956 0351028  43.5961 319.2354 13.53101956212993
NOAA-15
1 25338U 98030A   21070.69716100  .00000038  00000-0  34232-4 0  9990
2 25338  98.6935 100.0440 0010105 199.7269 160.3521 14.26016630187319
GO-32
1 25397U 98043D   21070.85883217 -.00000015  00000-0  13050-4 0  9992
2 25397  98.7609  16.7331 0001814  42.8417 317.2902 14.23702962177823
ISS
1 25544U 98067A   21070.93358917  .00000311  00000-0  13794-4 0  9998
2 25544  51.6446 103.7417 0003530  94.4093 330.4111 15.49050152273525
NO-44
1 26931U 01043C   21070.72213358 -.00000040  00000-0  16602-4 0  9994
2 26931  67.0516 172.6607 0007406 267.3093  92.7161 14.30609149 15373
SO-50
1 27607U 02058C   21070.85279177  .00000029  00000-0  24503-4 0  9992
2 27607  64.5542 276.7923 0031273  61.0681 299.3551 14.75720919980314
CO-55
1 27844U 03031E   21070.62194920  .00000064  00000-0  48432-4 0  9990
2 27844  98.6829  80.3072 0009943   8.9228 351.2125 14.22293388918114
CO-57
1 27848U 03031J   21070.58610548  .00000053  00000-0  43783-4 0  9990
2 27848  98.6888  80.8398 0010070  21.9268 338.2339 14.21872415917935
RS-22
1 27939U 03042A   21070.70755869  .00000182  00000-0  41145-4 0  9996
2 27939  98.1220 208.5795 0012015 224.0733 135.9520 14.66952817933199
NOAA-18
1 28654U 05018A   21070.41639056  .00000080  00000-0  67446-4 0  9992
2 28654  99.0061 134.8436 0014196 194.9238 165.1516 14.12588030814693
CO-58
1 28895U 05043F   21070.34144299  .00000158  00000-0  39096-4 0  9995
2 28895  98.0414 205.8169 0017438 155.8059 204.3966 14.63875792819658
Falconsat-3
1 30776U 07006E   21070.23472737  .00004461  00000-0  11087-3 0  9996
2 30776  35.4355  11.0313 0001025  86.8800 273.2045 15.39811098777950
CO-65
1 32785U 08021C   21070.46789067  .00000298  00000-0  37524-4 0  9997
2 32785  97.6021  53.1692 0012262 334.6793  25.3822 14.88652438697593
AAUSAT2
1 32788U 08021F   21070.46877923  .00001044  00000-0  99355-4 0  9999
2 32788  97.5020  69.2616 0010308 234.1011 125.9254 14.95430651699210
DO-64
1 32789U 08021G   21070.72650036  .00001827  00000-0  12051-3 0  9999
2 32789  97.3882 109.8227 0013461 116.1239 244.1377 15.08592077702196
CO-66
1 32791U 08021J   21070.67283210  .00000327  00000-0  38146-4 0  9990
2 32791  97.5641  59.3666 0011769 295.4537  64.5464 14.91305530698283
RS-30
1 32953U 08025A   21070.68223378  .00000028  00000-0  12906-3 0  9997
2 32953  82.5011 111.7461 0019576 186.5595 173.5229 12.43100452580834
PRISM
1 33493U 09002B   21070.44426342  .00000594  00000-0  56460-4 0  9995
2 33493  98.1783  28.3434 0013208 250.6436 109.3357 14.97488990659652
NOAA-19
1 33591U 09005A   21070.79541840  .00000005  00000-0  27883-4 0  9990
2 33591  99.1914  89.0437 0014609  49.3348 310.9090 14.12455056623138
TISAT-1
1 36799U 10035E   21070.51606909  .00000559  00000-0  61795-4 0  9990
2 36799  98.2058 257.3625 0012414 168.9432 191.2060 14.91631112578731
JUGNU
1 37839U 11058B   21070.41254669  .00000302  00000-0  19406-4 0  9991
2 37839  19.9609 103.7829 0019153  91.3276 296.4327 14.12706317486589
SRMSAT
1 37841U 11058D   21070.62600694  .00000300  00000-0  19782-4 0  9995
2 37841  19.9708 172.3455 0011803 299.8197 267.0041 14.10687496486031
AO-71
1 37854U 11061E   21070.34067176  .00001709  00000-0  91303-4 0  9997
2 37854 101.7091 305.8429 0155617 347.7686  11.9767 15.08256192511697
HRBE
1 37855U 11061F   21070.52497570  .00001686  00000-0  88717-4 0  9992
2 37855 101.7231 303.1541 0168075   1.9343 358.2484 15.07290768511421
HORYU-2
1 38340U 12025D   21070.45905863  .00000216  00000-0  39197-4 0  9990
2 38340  98.2440 135.9439 0010161 267.6906  92.3139 14.75989335463932
RS-40
1 38735U 12041C   21070.44406901  .00000023  00000-0  96664-4 0  9992
2 38735  82.4778 194.1851 0016518 302.1325  57.8151 12.42582384391010
BEESAT-3
1 39135U 13015F   21070.49236367  .00001459  00000-0  78782-4 0  9996
2 39135  64.8665 158.5317 0010523 197.9582 162.1175 15.19023853435765
BEESAT-2
1 39136U 13015G   21070.64711517  .00001469  00000-0  80192-4 0  9998
2 39136  64.8754 164.0240 0027797 255.0043 104.8006 15.18406224436067
ZACUBE-1
1 39417U 13066B   21070.51529713  .00000260  00000-0  38623-4 0  9997
2 39417  97.5859  59.9592 0059978 121.4398 239.2699 14.81444299394578
TRITON-1
1 39427U 13066M   21070.85963196  .00000306  00000-0  56763-4 0  9998
2 39427  97.7640  23.5151 0112258 303.4661  55.5853 14.68173174391083
GOMX-1
1 39430U 13066Q   21070.84373966  .00000299  00000-0  62339-4 0  9998
2 39430  97.8113 359.5350 0152072  62.4946 299.1621 14.59550333388803
LO-74
1 39440U 13066AA  21070.50696879  .00000204  00000-0  35266-4 0  9998
2 39440  97.6652  44.7514 0079494 192.3084 167.6186 14.76178344391971
AO-73
1 39444U 13066AE  21070.49143190  .00000365  00000-0  50502-4 0  9991
2 39444  97.5774  62.2790 0059175 112.5711 248.1779 14.82336044392924
SPROUT
1 39770U 14029E   21070.79129441  .00000711  00000-0  83097-4 0  9999
2 39770  97.9059 182.2251 0009434 161.7233 198.4286 14.88229958368811
DUCHIFAT-1
1 40021U 14033M   21070.37140655  .00000683  00000-0  74451-4 0  9991
2 40021  97.9648   9.5809 0013902 123.6467 236.6079 14.91213692365664
NANOSATCBR1
1 40024U 14033Q   21070.74824667  .00000472  00000-0  54451-4 0  9991
2 40024  97.9454   5.4029 0013188 127.2644 232.9779 14.90332875365563
DTUSAT-2
1 40030U 14033W   21070.77694198  .00000291  00000-0  36983-4 0  9994
2 40030  97.9134 358.0712 0012863 131.2499 228.9828 14.88912469365293
EO-80
1 40032U 14033Y   21070.33403345  .00000351  00000-0  43369-4 0  9993
2 40032  97.9139 357.6337 0012745 133.5253 226.7025 14.88866944364694
ANTELSAT
1 40034U 14033AA  21070.53319940  .00000274  00000-0  47692-4 0  9991
2 40034  97.6879 279.0035 0057650 214.2425 145.5063 14.74415966361762
VELOX-1
1 40057U 14034E   21070.85235595  .00000409  00000-0  64271-4 0  9997
2 40057  98.3124 221.7669 0010995  17.6426 342.5169 14.78089341361126
DAURIA DX 1
1 40071U 14037C   21070.85524740  .00000124  00000-0  23343-4 0  9998
2 40071  98.4592 270.1218 0008689   9.1448 350.9923 14.81462363360849
HODOYOSHI-1
1 40299U 14070B   21070.83523149  .00000816  00000-0  35975-4 0  9999
2 40299  97.2946 147.0298 0012214 340.6483  85.4615 15.24524623352544
CHUBUSAT-1
1 40300U 14070C   21070.74086522  .00000975  00000-0  44200-4 0  9998
2 40300  97.2546 137.4678 0019586 356.9005 118.5221 15.23000953352182
QSAT-EOS
1 40301U 14070D   21070.81037870  .00002349  00000-0  87614-4 0  9992
2 40301  97.2639 144.9034 0023095 323.3829 175.8068 15.28175457352741
FIREBIRD FU3
1 40377U 15003B   21070.27256833  .00004847  00000-0  17973-3 0  9999
2 40377  99.0837 191.0989 0120200 141.6159 219.3702 15.21697185337853
FIREBIRD FU4
1 40378U 15003C   21070.84395030  .00004571  00000-0  16940-3 0  9993
2 40378  99.0845 191.9129 0120278 139.5448 221.4803 15.21749251337959
GRIFEX
1 40379U 15003D   21070.83651936  .00003254  00000-0  13462-3 0  9996
2 40379  99.0823 182.0459 0130112 169.8389 190.5518 15.17535072337386
NO-84
1 40654U 15025D   21070.48746855  .00026340  00000-0  22222-3 0  2204
2 40654  54.9824 142.1556 0090645 163.6437 196.7337 15.64361591210652
DEORBITSAIL
1 40719U 15032E   21070.66972149  .00000460  00000-0  71749-4 0  9998
2 40719  97.8414 318.2846 0017656  65.5432 294.7618 14.77263540305541
NUDT-PHONESAT
1 40900U 15049B   21070.81958394  .00003232  00000-0  12948-3 0  9996
2 40900  97.4258  85.6001 0013791 119.4364   6.2786 15.25682720303934
XW-2A
1 40903U 15049E   21070.82698425  .00003096  00000-0  68346-4 0  9998
2 40903  97.2507 125.5810 0012903  19.4459  70.1689 15.44574264307729
XW-2C
1 40906U 15049H   21070.85432964  .00000884  00000-0  48657-4 0  9993
2 40906  97.4857  74.4443 0015110 159.9994 319.4221 15.16535877302770
XW-2D
1 40907U 15049J   21070.80336028  .00001127  00000-0  60598-4 0  9992
2 40907  97.4844  74.1567 0014702 156.3380 327.8256 15.16829931302797
LILACSAT-2
1 40908U 15049K   21070.82865949  .00000245  00000-0  16938-4 0  9993
2 40908  97.5032  72.1658 0015958 171.0361 311.2767 15.14316258302452
XW-2E
1 40909U 15049L   21070.84673791  .00001381  00000-0  68776-4 0  9997
2 40909  97.4675  78.0827 0014252 144.7173 337.2419 15.19190801303117
XW-2F
1 40910U 15049M   21070.81852174  .00001487  00000-0  74787-4 0  9996
2 40910  97.4740  77.1296 0015561 144.7357 339.3461 15.18695379302905
XW-2B
1 40911U 15049N   21070.80091727  .00001143  00000-0  61568-4 0  9997
2 40911  97.4848  74.8465 0014465 157.3576 327.0691 15.16749749302685
DCBB
1 40912U 15049P   21070.84537360  .00001609  00000-0  75109-4 0  9993
2 40912  97.4483  81.4997 0016016 120.7358   1.6494 15.21186839303353
TW-1A
1 40928U 15051D   21070.82024829  .00004665  00000-0  10138-3 0  9997
2 40928  97.0867  98.0863 0007861 295.2463 150.9011 15.44796919306617
IO-86
1 40931U 15052B   21069.86726475  .00000644  00000-0  61501-6 0  9996
2 40931   5.9973 235.4309 0012356  86.9334 273.2315 14.76664947294707
NO-84
1 40654U 15025D   21070.48746855  .00026340  00000-0  22222-3 0  2204
2 40654  54.9824 142.1556 0090645 163.6437 196.7337 15.64361591210652
LQSat
1 40958U 15057A   21070.87245684  .00000010  00000-0  90594-5 0  9991
2 40958  97.8164 130.9982 0018522  15.2097 344.9659 14.73159629291871
ATHENOXAT-1
1 41168U 15077C   21070.79965726  .00002603  00000-0  97986-4 0  9995
2 41168  14.9846 258.7596 0010711 254.7299 208.3449 15.15295499289946
ChubuSat-2
1 41338U 16012B   21070.48014158  .00000429  00000-0  26443-4 0  9998
2 41338  31.0033  88.8716 0013686 242.6178 117.3064 15.00460343277872
ChubuSat-3
1 41339U 16012C   21070.44642107  .00000435  00000-0  26846-4 0  9990
2 41339  31.0131  86.4152 0013613 249.6419 110.2754 15.00614528277868
Horyu-4
1 41340U 16012D   21070.38699652  .00000674  00000-0  43810-4 0  9997
2 41340  31.0056  71.5550 0013780 278.8440  81.0635 15.01775339278038
OUFTI-1
1 41458U 16025C   21070.40229351  .00001471  00000-0  74977-4 0  9993
2 41458  98.1273 201.7174 0160461  30.7915 330.2604 15.08118729267699
e-st@r-II
1 41459U 16025D   21070.79792116  .00001626  00000-0  83125-4 0  9997
2 41459  98.1247 201.3057 0162372  32.1854 328.9146 15.07588714267709
AAUSAT4
1 41460U 16025E   21070.62073371  .00002483  00000-0  11998-3 0  9996
2 41460  98.1254 204.5195 0149358  18.0726 342.5737 15.10412471267941
LO-87
1 41557U 16033B   21070.77471006  .00002043  00000-0  75119-4 0  9993
2 41557  97.3925 165.3073 0012066 214.9630 262.2111 15.28999292266605
NuSat2
1 41558U 16033C   21070.77818591  .00002278  00000-0  78339-4 0  9995
2 41558  97.4016 168.6892 0011248 208.4987 268.4031 15.31088588266775
Lapan A3
1 41603U 16040E   21070.77450049  .00000198  00000-0  12276-4 0  9991
2 41603  97.2712 121.3406 0013206 353.4213 142.6119 15.19975874261744
Swayam
1 41607U 16040J   21070.37509480  .00002078  00000-0  85114-4 0  9995
2 41607  97.2814 129.0457 0011693 331.8086  28.2518 15.25334280262096
Pratham
1 41783U 16059A   21070.80742517  .00000069  00000-0  22478-4 0  9990
2 41783  97.9786 124.1927 0033346 191.6118 168.4319 14.63118150237973
AlSat 1N
1 41789U 16059G   21070.86634778  .00000085  00000-0  24938-4 0  9992
2 41789  97.9825 127.7058 0028484 176.6812 183.4575 14.64395617238167
ScatSat
1 41790U 16059H   21070.84478702  .00000014  00000-0  14812-4 0  9997
2 41790  98.3826 113.1921 0005304 164.8362 195.2984 14.50798758235999
TY-1
1 41844U 16066D   21070.80342797  .00001273  00000-0  52986-4 0  9997
2 41844  97.4023  82.0332 0016366 118.7256   6.3620 15.25492692241018
Pegasus-1
1 41846U 16066F   21070.71642032  .00000356  00000-0  63358-4 0  9990
2 41846  98.6237 129.0664 0366838 156.7095 205.1200 14.37962897227372
CAS-2T
1 41847U 16066G   21070.44824986  .00000133  00000-0  29690-4 0  9995
2 41847  98.6151 129.1143 0365997 152.7477 209.3450 14.38156675227795
EO-88
1 42017U 17008BX  21070.65318516  .00002231  00000-0  85219-4 0  9992
2 42017  97.3269 139.9887 0007805  96.0441 264.1688 15.27641378226325
CAS-4B
1 42759U 17034B   21070.86088130  .00000464  00000-0  41328-4 0  9992
2 42759  43.0184 357.5695 0010611 275.8529 129.7620 15.10105995206399
CAS-4A
1 42761U 17034D   21070.86853406  .00000471  00000-0  41703-4 0  9996
2 42761  43.0193 356.6512 0011138 276.1542 191.0762 15.10187325206390
UCLSat
1 42765U 17036A   21070.40546353  .00001847  00000-0  77979-4 0  9994
2 42765  97.2638 123.0201 0011679 156.3746 203.8030 15.24434343207239
NIUSat
1 42766U 17036B   21070.39221548  .00001354  00000-0  61354-4 0  9992
2 42766  97.2642 119.7186 0015898 155.5271 204.6723 15.22406762206295
LituanicaSAT 2
1 42768U 17036D   21070.17729407  .00003016  00000-0  12124-3 0  9994
2 42768  97.2712 123.3130 0015108 148.4391 211.7757 15.25572714206484
Aalto 1
1 42775U 17036L   21070.16628119  .00001155  00000-0  52786-4 0  9990
2 42775  97.2614 119.7922 0014340 154.8519 205.3419 15.22411103206240
URSA MAIOR
1 42776U 17036M   21070.38209432  .00001220  00000-0  55210-4 0  9996
2 42776  97.2627 120.4123 0014189 153.5637 206.6327 15.22651290206295
Max Valier Sat
1 42778U 17036P   21070.17454668  .00001271  00000-0  56392-4 0  9996
2 42778  97.2690 121.9548 0012761 155.8725 204.3113 15.23287298206327
Pegasus
1 42784U 17036V   21070.35893898  .00001664  00000-0  71330-4 0  9990
2 42784  97.2646 122.5486 0012213 158.3890 201.7866 15.24043292206417
NUDATSat
1 42787U 17036Y   21070.87694666  .00003242  00000-0  12954-3 0  9992
2 42787  97.2695 125.1465 0010510 148.0438 212.1435 15.25780216206459
SUCHAI 1
1 42788U 17036Z   21070.14389641  .00001957  00000-0  81706-4 0  9990
2 42788  97.2658 123.2060 0011825 156.2631 203.9154 15.24752468206504
SKCUBE
1 42789U 17036AA  21070.41967977  .00001838  00000-0  77434-4 0  9996
2 42789  97.2649 123.2304 0011698 155.9358 204.2429 15.24524866206458
VZLUSAT 1
1 42790U 17036AB  21070.41054515  .00002408  00000-0  96973-4 0  9996
2 42790  97.2681 124.6841 0011270 151.9938 208.1909 15.25750798206534
VENTA 1
1 42791U 17036AC  21070.39806637  .00001774  00000-0  74906-4 0  9991
2 42791  97.2646 123.2336 0011356 156.3048 203.8715 15.24489303206443
Robusta 1B
1 42792U 17036AD  21070.40337112  .00001884  00000-0  78754-4 0  9998
2 42792  97.2653 123.5569 0011322 155.7129 204.4645 15.24749654206480
D-SAT
1 42794U 17036AF  21070.34440866  .00000490  00000-0  47484-4 0  9992
2 42794  97.4704  95.4080 0125448 193.1046 166.6906 14.91474249202433
TechnoSat
1 42829U 17042E   21070.69108272  .00000090  00000-0  14286-4 0  9998
2 42829  97.4845 305.3356 0015647 111.2907 248.9985 14.91232372199113
QIKCOM-1
1 42983U 98067NF  21070.62880697  .00007745  00000-0  82667-4 0  9998
2 42983  51.6379  35.7898 0003225 357.6010   2.4969 15.65023705192076
AO-91
1 43017U 17073E   21070.73815187  .00000646  00000-0  55946-4 0  9992
2 43017  97.7142 338.5761 0254059 259.1064  98.1468 14.79375442178673
EcAMSat
1 43019U 98067NG  21070.76831515  .00022365  00000-0  15695-3 0  9990
2 43019  51.6427   8.3020 0002485   7.0658 353.0376 15.74098284274774
PICSAT
1 43132U 18004X   21070.72672596  .00001973  00000-0  80883-4 0  9991
2 43132  97.4174 146.1416 0009161 182.5729 177.5463 15.25427715175781
AO-92
1 43137U 18004AC  21070.43991201  .00001528  00000-0  64291-4 0  9992
2 43137  97.4154 145.4582 0008670 186.1136 173.9998 15.24897312175726
TianYi 2
1 43155U 18008A   21070.85996361  .00001092  00000-0  66835-4 0  9996
2 43155  97.4137 138.7231 0015928 309.4584 105.7491 15.12186176173325
Zhou Enlai
1 43156U 18008B   21070.84154031  .00001385  00000-0  84742-4 0  9998
2 43156  97.4189 138.5417 0013040 309.8328 141.6129 15.11775490173262
TianYi 6
1 43158U 18008D   21070.75827696  .00000585  00000-0  38496-4 0  9990
2 43158  97.4113 137.1696 0012646 309.9206 198.1241 15.11232430173187
S-Net D
1 43186U 18014G   21070.50179318  .00000612  00000-0  58191-4 0  9997
2 43186  97.6843 339.8211 0012498  55.3156 304.9242 14.96991524169647
S-Net B
1 43187U 18014H   21070.50167952  .00000616  00000-0  58537-4 0  9997
2 43187  97.6840 339.7909 0012482  55.2572 304.9824 14.96991066169649
S-Net A
1 43188U 18014J   21070.70217725  .00000598  00000-0  56916-4 0  9992
2 43188  97.6843 340.0284 0012473  54.6786 305.5600 14.96990038169674
S-Net C
1 43189U 18014K   21070.70266034  .00000558  00000-0  53492-4 0  9992
2 43189  97.6840 339.9818 0012478  54.5823 305.6562 14.96990318168227
FMN 1
1 43192U 18015A   21070.82743839  .00003868  00000-0  14732-3 0  9993
2 43192  97.4719 205.8619 0013841 223.0352 292.2178 15.27258164172689
Shaonian Xing
1 43199U 18015H   21070.88434418  .00002623  00000-0  10165-3 0  9990
2 43199  97.4500 203.4214 0014876 233.1063 249.3831 15.26972209172758
SurfSat
1 43614U 18070B   21070.79191855  .00003680  00000-0  88627-4 0  9991
2 43614  93.0225 265.4091 0015661  32.1305 328.0901 15.41189029139625
CP-7 DAVE
1 43615U 18070C   21070.79195001  .00003490  00000-0  84763-4 0  9995
2 43615  93.0228 265.3772 0015857  31.8620 328.3591 15.40934104139615
ELFIN-B
1 43616U 18070D   21070.52757835  .00005104  00000-0  11459-3 0  9991
2 43616  93.0186 265.3539 0015760  31.6357 328.5843 15.43274527139664
ELFIN-A
1 43617U 18070E   21070.51414940  .00005980  00000-0  13259-3 0  9990
2 43617  93.0239 266.1019 0014987  29.1571 331.0519 15.43648280139677
STARS-Me Mother
1 43640U 98067PQ  21070.23771618  .00054387  00000-0  27461-3 0  9992
2 43640  51.6312  23.7746 0001689  25.3585 334.7500 15.81050119138676
CubeBel 1
1 43666U 18083E   21070.76391515  .00001410  00000-0  70469-4 0  9998
2 43666  97.4668 100.3293 0015763 144.4829 305.4469 15.19002794131182
Changshagaoxin
1 43669U 18083H   21070.80843736  .00001059  00000-0  55555-4 0  9991
2 43669  97.4566  97.7462 0012025 137.4793 309.4991 15.17858205131075
Ten-Koh
1 43677U 18084G   21070.84058482  .00000116  00000-0  17778-4 0  9999
2 43677  97.9052 193.7181 0015902   1.8803 358.2471 14.90414515128766
PO-101
1 43678U 18084H   21070.78913189  .00000463  00000-0  51737-4 0  9995
2 43678  97.9081 195.6581 0010696  21.0185 339.1461 14.91720660128877
IRVINE 01
1 43693U 18088D   21070.79519380  .00003639  00000-0  14498-3 0  9992
2 43693  85.0306 259.8185 0017944  32.2464 327.9872 15.24699629129556
QO-100
1 43700U 18090A   21070.80287389  .00000122  00000-0  00000 0 0  9991
2 43700   0.0195 202.6961 0002056 187.4311  94.3605  1.00269835  8633
Reaktor Hello World
1 43743U 18096AA  21070.45330449  .00001856  00000-0  69742-4 0  9999
2 43743  97.3932 148.7123 0015755 263.0029  96.9418 15.28353162127167
MinXSS-2
1 43758U 18099A   21070.51451823  .00000050  00000-0  96035-5 0  9996
2 43758  97.6761 143.7043 0015898  21.6132 338.5757 14.95937954123878
AO-95
1 43770U 18099N   21070.48085460  .00000765  00000-0  74665-4 0  9993
2 43770  97.6748 142.7939 0015141  31.2438 328.9680 14.95222878123811
RANGE-B
1 43772U 18099Q   21070.46114671  .00000529  00000-0  52829-4 0  9996
2 43772  97.6824 143.6234 0014294  18.4303 341.7433 14.95491073123816
RANGE-A
1 43773U 18099R   21070.48002512  .00000633  00000-0  62812-4 0  9998
2 43773  97.6686 142.2109 0013846  19.2319 340.9421 14.95141577123805
MOVE-II
1 43780U 18099Y   21070.48007371  .00001076  00000-0  10150-3 0  9993
2 43780  97.6762 143.2212 0013908  29.1353 331.0641 14.95767534123825
SNUSat 2
1 43782U 18099AA  21070.46268674  .00000442  00000-0  45036-4 0  9996
2 43782  97.6743 143.0832 0012938  18.3070 341.8614 14.95467852123829
SnugLite
1 43784U 18099AC  21070.47902119  .00000826  00000-0  79445-4 0  9995
2 43784  97.6711 142.8516 0015498  25.3177 334.8800 14.95588363123844
ITASat 1
1 43786U 18099AE  21070.75425989  .00000614  00000-0  60464-4 0  9999
2 43786  97.6767 143.6716 0015651  23.6700 336.5238 14.95531970123882
EAGLET 1
1 43790U 18099AJ  21070.47784179  .00000677  00000-0  65571-4 0  9995
2 43790  97.6754 143.7727 0014012  29.1921 331.0080 14.95903674123566
ESEO
1 43792U 18099AL  21070.78300208 -.00000211  00000-0 -13777-4 0  9995
2 43792  97.6721 143.7375 0013806  24.3092 335.8777 14.95697759123667
CSIM
1 43793U 18099AM  21070.45828655  .00000515  00000-0  50450-4 0  9995
2 43793  97.6740 143.6558 0013023  22.3470 337.8316 14.96418851123611
Astrocast 0.1
1 43798U 18099AS  21070.43995884  .00000029  00000-0  77237-5 0  9990
2 43798  97.6760 143.8975 0012501   9.0673 351.0772 14.96061295123867
JO-97
1 43803U 18099AX  21070.46596844  .00000601  00000-0  58971-4 0  9992
2 43803  97.6725 143.1540 0015433  24.2887 335.9058 14.95752940123848
Suomi 100
1 43804U 18099AY  21070.46972577  .00000688  00000-0  66824-4 0  9995
2 43804  97.6722 143.1318 0015514  24.5032 335.6923 14.95729898123859
Al Farabi 2
1 43805U 18099AZ  21070.88560328  .00000960  00000-0  90728-4 0  9992
2 43805  97.6738 143.7141 0015486  23.8963 336.2973 14.95922490123923
CHOMPTT
1 43855U 18104G   21070.34596231  .00001475  00000-0  59518-4 0  9991
2 43855  85.0410 358.5228 0018471 141.8659 218.3895 15.23673588124150
ISAT
1 43879U 18111D   21070.71225194  .00001012  00000-0  93906-4 0  9999
2 43879  97.6911 339.6711 0014924  71.2793 289.0043 14.96523483118433
UWE-4
1 43880U 18111E   21070.78271144 -.00000002  00000-0  48680-5 0  9993
2 43880  97.6934 340.1580 0013784  72.3064 287.9661 14.96757680118472
Sparrow
1 43881U 18111F   21070.48956421  .00000969  00000-0  89534-4 0  9992
2 43881  97.6938 339.9828 0014046  72.3653 287.9101 14.96804912120433
Lume 1
1 43908U 18111AJ  21070.76037527  .00001627  00000-0  66018-4 0  9994
2 43908  97.2441 328.5577 0018975 278.6803  81.2287 15.25864483122777
FO-98
1 43933U 19003B   21070.71174647  .00008914  00000-0  36292-3 0  9999
2 43933  97.1959 115.8675 0017278  26.3002 333.9110 15.24577356119203
FO-99
1 43937U 19003F   21070.39186571  .00001878  00000-0  76788-4 0  9993
2 43937  97.1905 117.4572 0023445   4.7178 355.4277 15.25308436119316
Delphini 1
1 44030U 98067PW  21070.80147988  .01386498  15872-2  81894-3 0  9993
2 44030  51.6190  15.2447 0005262 183.5708 176.5273 16.18280267120707
MYSat 1
1 44045U 18092F   21070.51369354  .00005329  00000-0  14627-3 0  9995
2 44045  51.6380 183.7570 0010441 209.2056 150.8345 15.38886934116376
AstroCast 0.2
1 44083U 19018F   21070.70255175  .00001471  00000-0  67039-4 0  9992
2 44083  97.3853 133.5768 0011798 321.0288  39.0097 15.22188975108026
AISTechSat 3
1 44103U 19018AB  21070.77599167  .00001181  00000-0  51925-4 0  9999
2 44103  97.3726 133.9876 0012305 335.0791 165.0182 15.23785301108135
AISat 1
1 44104U 19018AC  21070.23209429  .00001210  00000-0  40224-4 0  9993
2 44104  97.4333 147.2196 0056668 346.5695  13.4034 15.31752663108635
Raavana-1
1 44329U 98067QE  21070.38301339  .00031184  00000-0  27445-3 0  9994
2 44329  51.6361  67.9017 0003316 305.7847  54.2841 15.68469854 98729
Uguisu
1 44330U 98067QF  21070.35613897  .00030452  00000-0  27105-3 0  9998
2 44330  51.6334  68.4032 0003305 304.7509  55.3176 15.68205764 98693
NepaliSat-1
1 44331U 98067QG  21070.37506343  .00030031  00000-0  26487-3 0  9993
2 44331  51.6331  67.7788 0003381 308.5175  51.5518 15.68437435 98719
Prox-1
1 44339U 19036A   21070.46487598  .00001158  00000-0  22310-3 0  9999
2 44339  23.9993 231.2795 0010659 191.4887 168.5362 14.53415872 90929
Oculus-ASR
1 44348U 19036K   21070.37545800  .00016996  00000-0  23767-3 0  9993
2 44348  28.5164  65.1498 0341887 287.5431  68.8088 15.08980287 94060
Armadillo
1 44352U 19036P   21070.59501823  .00030492  00000-0  40903-3 0  9997
2 44352  28.5316  48.9834 0317478 312.3390  45.0718 15.14887658 94193
NO-104
1 44354U 19036R   21070.30029847  .00018832  00000-0  25810-3 0  9993
2 44354  28.5315  60.1486 0337410 293.9029  62.6565 15.10345490 94109
NO-103
1 44355U 19036S   21070.28706611  .00046169  00000-0  55309-3 0  9992
2 44355  28.5284  29.4880 0289281 343.7749  15.3746 15.22835289 94419
CP9
1 44360U 19036X   21070.45392945  .00084514 -43769-5  71567-3 0  9993
2 44360  28.5074 343.9138 0234732  59.3979 302.9553 15.40146612 94751
Move-IIb
1 44398U 19038N   21070.59219963  .00001963  00000-0  11351-3 0  9996
2 44398  97.5710  35.1278 0022948 288.7324  71.1410 15.13260905 92966
SONATE
1 44400U 19038Q   21070.59792580  .00000869  00000-0  53681-4 0  9998
2 44400  97.5759  35.0758 0023419 288.2114  71.6563 15.12371300 92944
BeeSat 9
1 44412U 19038AC  21070.40011950  .00001334  00000-0  79069-4 0  9992
2 44412  97.5766  35.0858 0020812 294.1105  65.7949 15.12980243 92625
JAISAT-1
1 44419U 19038F   21070.86403976  .00001374  00000-0  80305-4 0  9991
2 44419  97.5769  36.0166 0019610 290.7784  69.1345 15.13465908 93038
LightSail-2
1 44420U 19036AC  21070.75488852  .00008460  00000-0  17208-2 0  9998
2 44420  24.0069 214.8826 0012546 223.7700 136.1798 14.58954618 89325
Taurus 1
1 44530U 19059C   21070.74494584  .00000804  00000-0  23830-3 0  9996
2 44530  98.5520 160.2753 0015163  83.1792 277.1133 14.45937309 78966
Duchifat 3
1 44854U 19089C   21070.77065354  .00000647  00000-0  58289-4 0  9992
2 44854  36.9681 318.2586 0007135  59.8002 300.3451 14.99366743 68432
OPS-SAT
1 44878U 19092F   21070.46216452  .00001511  00000-0  81441-4 0  9992
2 44878  97.4726 255.4069 0014711 145.3813 214.8381 15.16221909 67981
TO-108
1 44881U 19093C   21070.73267016  .00000067  00000-0  15312-4 0  9998
2 44881  97.9312 150.5996 0013615 248.4656 111.5108 14.81428210 66262
FloripaSat 1
1 44885U 19093G   21070.74021595  .00000346  00000-0  50099-4 0  9994
2 44885  97.9321 151.0504 0013179 257.0739 102.9006 14.82219704 66291
RS-44
1 44909U 19096E   21070.82063759  .00000004  00000-0 -20302-4 0  9997
2 44909  82.5253 177.6760 0216581 321.6109  36.9746 12.79708648 56370
SwampSat-2
1 45115U 19071E   21070.76928811  .00025530  00000-0  52662-3 0  9995
2 45115  51.6379 139.7154 0009793 312.7934  47.2229 15.45664006 62298
HO-107
1 45119U 19071J   21070.46498080  .00002154  00000-0  73350-4 0  9991
2 45119  51.6421 151.7792 0011245 297.6189  62.3652 15.35076197 62116
Phoenix
1 45258U 98067RB  21070.46895013  .00007466  00000-0  11781-3 0  9994
2 45258  51.6394  98.5188 0004818 254.0027 106.0433 15.54619195 59955
AztechSat-1
1 45261U 98067RE  21070.50863955  .00019529  00000-0  24398-3 0  9994
2 45261  51.6375  92.7906 0005416 281.5979  78.4406 15.59839317 60058
QARMAN
1 45263U 98067RG  21070.55962469  .00014240  00000-0  19531-3 0  9999
2 45263  51.6389  95.3836 0005381 274.1209  85.9168 15.57616727 60066
Quetzal 1
1 45598U 98067RL  21070.49641236  .00012884  00000-0  18724-3 0  9994
2 45598  51.6396  98.7241 0002952   8.2851 351.8189 15.56153353 49281
BY70-2
1 45857U 20042B   21070.74533323  .00001217  00000-0  18088-3 0  9996
2 45857  97.9896 147.5063 0012309 162.3545 197.8080 14.76752687 37125
UPMSat 2
1 46276U 20061E   21070.22813188  .00000585  00000-0  33557-4 0  9992
2 46276  97.4410 145.9516 0001788  43.7026 316.4348 15.16314922 28653
AmicalSat
1 46287U 20061R   21070.45760751  .00000642  00000-0  43059-4 0  9998
2 46287  97.4961 145.8459 0004270  81.5177 278.6537 15.10279148 28559
SALSAT
1 46495U 20068K   21070.55625642  .00000603  00000-0  48769-4 0  9996
2 46495  97.6869   8.6838 0018098  48.3482 311.9288 15.03376926 24621
BY70-3
1 46839U 20079N   21070.88574424  .00003018  00000-0  97083-4 0  9993
2 46839  97.2494 146.6865 0007121 182.0697 267.6882 15.32987943 19254
SPOC
1 46921U 98067RR  21070.48455108  .00007192  00000-0  12298-3 0  9991
2 46921  51.6420 103.8960 0002786  66.0009 294.1273 15.52428328 19630
Bobcat-1
1 46922U 98067RS  21070.45185225  .00010189  00000-0  16595-3 0  9993
2 46922  51.6422 103.6837 0002505  63.8584 296.2663 15.53273792 19591
Neutron-1
1 46923U 98067RT  21070.49250622  .00007181  00000-0  12329-3 0  9991
2 46923  51.6420 103.9471 0002610  77.8016 282.3266 15.52314974 19669
CAPE 3
1 47309U 21002A   21070.34161259  .00000648  00000-0  41600-4 0  9992
2 47309  60.6854 298.6613 0024325 341.7699  18.2512 15.20428694  7966
OBJECT B
1 47310U 21002B   21070.46049693  .00001638  00000-0  85351-4 0  9995
2 47310  60.6829 298.0941 0022880 343.2051  16.8275 15.20849958  7972
AO-109
1 47311U 21002C   21070.11317278  .00001249  00000-0  67135-4 0  9993
2 47311  60.6843 299.2333 0020209 344.3612  15.6848 15.21325831  7901
OBJECT D
1 47312U 21002D   21070.36628177  .00006697  00000-0  30143-3 0  9994
2 47312  60.6871 298.2026 0019914 347.6519  12.4076 15.21962563  7934
OBJECT E
1 47313U 21002E   21070.35670806  .00002291  00000-0  11094-3 0  9990
2 47313  60.6864 298.1464 0020490 334.6207  25.3871 15.21982739  7947
MiTEE 1
1 47314U 21002F   21070.46778562  .00001442  00000-0  73164-4 0  9995
2 47314  60.6852 297.5549 0018296 328.2248  31.7733 15.22544522  7984
OBJECT G
1 47315U 21002G   21070.85075660  .00000979  00000-0  53109-4 0  9999
2 47315  60.6830 296.0186 0016112 328.9935  31.0199 15.22809170  8047
OBJECT J
1 47317U 21002J   21070.47072873  .00000541  00000-0  36724-4 0  9991
2 47317  60.6844 298.1553 0024257 340.8340  19.1830 15.20489726  7954
OBJECT K
1 47318U 21002K   21070.33817158  .00000546  00000-0  36941-4 0  9996
2 47318  60.6841 298.6406 0024157 340.4331  19.5826 15.20517844  7939
ExoCube 2
1 47319U 21002L   21070.84861133  .00000766  00000-0  46318-4 0  9998
2 47319  60.6823 296.5885 0021926 343.7156  16.3223 15.20960836  7984
OBJECT M
1 47320U 21002M   21070.11502585  .00001402  00000-0  73965-4 0  9999
2 47320  60.6829 299.2364 0020804 343.2506  16.7891 15.21288049  7954
OBJECT N
1 47345U 21002N   21070.42237194  .00002323  00000-0  11235-3 0  9995
2 47345  60.6864 297.9005 0020475 334.6826  25.3256 15.21981844  7695
UVSQ-SAT
1 47438U 21006AB  21070.43646546  .00000958  00000-0  58006-4 0  9998
2 47438  97.4998 133.3676 0014380  78.7248 281.5598 15.12907541  7230
YUSAT 1
1 47439U 21006AC  21070.43736513  .00000974  00000-0  58926-4 0  9992
2 47439  97.5000 133.3674 0014252  78.9045 281.3788 15.12878166  7238
SOMP 2b
1 47445U 21006AJ  21070.44088787  .00000925  00000-0  56315-4 0  9999
2 47445  97.4972 133.3417 0014026  82.0459 278.2363 15.12759108  7239
IDEASSat
1 47458U 21006AX  21070.44494763  .00000920  00000-0  56260-4 0  9992
2 47458  97.5061 133.3968 0013170  80.7454 279.5266 15.12623200  7232
