AO-07
1 07530U 74089B   21329.46964316 -.00000029  00000-0  10685-3 0  9994
2 07530 101.8782 303.9271 0012505  72.8299  82.2976 12.53651455151906
UO-11
1 14781U 84021B   21329.41554485  .00000211  00000-0  31860-4 0  9995
2 14781  97.6027 321.4160 0006915 273.3036  86.7388 14.83370657  9795
LO-19
1 20442U 90005G   21329.36074232  .00000038  00000-0  30515-4 0  9999
2 20442  98.7648 286.4568 0012631  51.4825 308.7489 14.33007556663876
HUBBLE
1 20580U 90037B   21329.62084003  .00000741  00000-0  33656-4 0  9993
2 20580  28.4703  78.5383 0002694   4.3951 115.2917 15.09850414535374
MET-2/21
1 22782U 93055A   21329.59748201  .00000022  00000-0  67817-5 0  9994
2 22782  82.5486 176.0326 0021909 196.7757 187.6999 13.83841724425814
AO-27
1 22825U 93061C   21329.50453836 -.00000004  00000-0  16363-4 0  9997
2 22825  98.9084 351.0054 0007447 288.0307  72.0063 14.30132672469003
IO-26
1 22826U 93061D   21329.50664102  .00000000  00000-0  17853-4 0  9998
2 22826  98.9027 350.9020 0007945 273.2585  86.7688 14.30473826469250
FO-29
1 24278U 96046B   21329.57290544 -.00000018  00000-0  15068-4 0  9995
2 24278  98.5459  16.0469 0351311  92.1344 272.0059 13.53107829248039
NOAA-15
1 25338U 98030A   21329.74202329  .00000035  00000-0  32952-4 0  9990
2 25338  98.6675 356.7108 0010672 165.8464 194.3017 14.26071822224235
GO-32
1 25397U 98043D   21329.55430418  .00000014  00000-0  25751-4 0  9996
2 25397  98.7911 274.7937 0001373  25.2272 334.8973 14.23722544214419
ISS
1 25544U 98067A   21329.86921520  .00004023  00000-0  82116-4 0  9991
2 25544  51.6437 263.2670 0004459 241.4868 220.8737 15.48649632313654
NO-44
1 26931U 01043C   21329.46022785 -.00000015  00000-0  26046-4 0  9999
2 26931  67.0513 224.9048 0005895 278.6854  81.3579 14.30644801 52226
SO-50
1 27607U 02058C   21329.64648942  .00000092  00000-0  33664-4 0  9994
2 27607  64.5545 205.3905 0060664 336.7152  23.1204 14.75836425 18507
CO-55
1 27844U 03031E   21329.50024706  .00000085  00000-0  57747-4 0  9990
2 27844  98.6809 335.2771 0009431 338.5369  21.5412 14.22352821954877
CO-57
1 27848U 03031J   21329.47123608  .00000061  00000-0  47295-4 0  9992
2 27848  98.6860 335.8005 0009552 352.8237   7.2803 14.21923966954699
RS-22
1 27939U 03042A   21329.48470916  .00000213  00000-0  46744-4 0  9990
2 27939  98.1641 105.6851 0013997 129.0375 231.2086 14.67065224971133
NOAA-18
1 28654U 05018A   21329.79435018  .00000086  00000-0  70584-4 0  9995
2 28654  98.9762  35.1554 0014343 183.2763 176.8316 14.12660416851317
CO-58
1 28895U 05043F   21329.59236933  .00000248  00000-0  56160-4 0  9997
2 28895  98.0809  99.5321 0017803  65.3732 294.9323 14.64011548857581
Falconsat-3
1 30776U 07006E   21329.60385444  .00008035  00000-0  17769-3 0  9996
2 30776  35.4323 143.0261 0003300 307.5643  52.4786 15.43114407817992
CO-65
1 32785U 08021C   21329.50116146  .00000465  00000-0  55146-4 0  9997
2 32785  97.6318 302.2781 0012680 182.9369 177.1776 14.88902829736136
AAUSAT2
1 32788U 08021F   21329.44539448  .00001396  00000-0  12936-3 0  9990
2 32788  97.5173 317.4900 0013191  89.5874 270.6859 14.95962266737927
DO-64
1 32789U 08021G   21329.50877375  .00003221  00000-0  20225-3 0  9991
2 32789  97.3615 358.6266 0010158 313.5980  46.4406 15.09925636741127
CO-66
1 32791U 08021J   21329.70724561  .00000767  00000-0  81551-4 0  9996
2 32791  97.5893 308.2156 0013886 143.6203 216.5963 14.91664983736891
RS-30
1 32953U 08025A   21329.43536810  .00000021  00000-0  80971-4 0  9996
2 32953  82.5010 310.8087 0019523 349.6887  10.3791 12.43105996612989
PRISM
1 33493U 09002B   21329.39098451  .00001293  00000-0  11455-3 0  9993
2 33493  98.2089 299.9086 0015901 113.2712 247.0185 14.98098975698411
NOAA-19
1 33591U 09005A   21329.70251622  .00000050  00000-0  52313-4 0  9990
2 33591  99.1719 354.3204 0014511  43.2227 317.0080 14.12510356659683
SRMSAT
1 37841U 11058D   21329.56787309  .00000315  00000-0  28091-4 0  9993
2 37841  19.9731  47.2789 0011688 264.3367 227.3689 14.10713120522632
HRBE
1 37855U 11061F   21329.50343714  .00003995  00000-0  19337-3 0  9993
2 37855 101.7241 336.6757 0163496 311.4154  47.3105 15.08794200550928
RS-40
1 38735U 12041C   21329.22489227  .00000021  00000-0  77640-4 0  9998
2 38735  82.4818  32.8458 0018349  96.4228 263.8955 12.42583903423155
ZACUBE-1
1 39417U 13066B   21329.38957021  .00000594  00000-0  79747-4 0  9998
2 39417  97.6121 305.5455 0058379 355.1184   4.9453 14.81688327432909
Delfi-N3xt
1 39428U 13066N   21329.67553929  .00000529  00000-0  90888-4 0  9998
2 39428  97.7965 268.1725 0118351 208.4765 150.9941 14.68264979428800
GOMX-1
1 39430U 13066Q   21329.76084643  .00000474  00000-0  94245-4 0  9993
2 39430  97.8138 243.5562 0149778 327.3124  31.8881 14.59751512426575
LO-74
1 39440U 13066AA  21329.62770470  .00000506  00000-0  76094-4 0  9997
2 39440  97.6990 291.2099 0081082  72.9341 288.0732 14.76396727431403
AO-73
1 39444U 13066AE  21329.40858145  .00000699  00000-0  90861-4 0  9994
2 39444  97.6015 307.9514 0057112 344.5062  15.4402 14.82631799431287
SPROUT
1 39770U 14029E   21329.79620256  .00001317  00000-0  14614-3 0  9997
2 39770  97.9300  81.0909 0009608  42.3997 317.7951 14.88926891407347
DTUSAT-2
1 40030U 14033W   21329.56012122  .00000646  00000-0  74286-4 0  9991
2 40030  97.9238 256.8181 0012160  11.8763 348.2738 14.89189984403298
EO-80
1 40032U 14033Y   21329.52768614  .00000603  00000-0  69802-4 0  9994
2 40032  97.9245 256.7950 0012140  13.2496 346.9037 14.89152477403269
HODOYOSHI-1
1 40299U 14070B   21329.73018007  .00001495  00000-0  62206-4 0  9998
2 40299  97.2711  38.8441 0013933 132.8209 343.7282 15.25206797391999
FIREBIRD FU3
1 40377U 15003B   21329.43433928  .00003746  00000-0  13268-3 0  9996
2 40377  99.1139 144.7939 0113149 353.3580   6.6145 15.24121253377294
FIREBIRD FU4
1 40378U 15003C   21329.47040826  .00003500  00000-0  12400-3 0  9997
2 40378  99.1144 145.0072 0113185 352.9883   6.9760 15.24187143377302
GRIFEX
1 40379U 15003D   21329.43868197  .00002213  00000-0  89455-4 0  9998
2 40379  99.1144 132.8513 0125462  29.3531 331.4670 15.19320263376618
NO-84
1 40654U 15025D   21329.44060981  .00223018  30919-4  46933-3 0  2578
2 40654  54.9683 351.4983 0034091 126.8071 233.6049 15.97385237 32485
XW-2A
1 40903U 15049E   21329.73647028  .00005766  00000-0  11561-3 0  9990
2 40903  97.2148  23.6901 0012741 139.1265   9.3855 15.47021882347712
XW-2C
1 40906U 15049H   21329.78208509  .00001465  00000-0  76920-4 0  9998
2 40906  97.4912 330.2097 0014264 354.6028 130.0720 15.17227704342022
XW-2D
1 40907U 15049J   21329.73739209  .00001850  00000-0  95220-4 0  9992
2 40907  97.4901 330.0220 0013583 351.3684 122.8133 15.17615303342058
LILACSAT-2
1 40908U 15049K   21329.76840453  .00000679  00000-0  40175-4 0  9997
2 40908  97.5110 327.6541 0015937   8.3311 166.0157 15.14722860341645
XW-2E
1 40909U 15049L   21329.74653836  .00002645  00000-0  12457-3 0  9999
2 40909  97.4677 334.2431 0012138 335.0938 139.4578 15.20352950342435
XW-2F
1 40910U 15049M   21329.73723600  .00002674  00000-0  12772-3 0  9999
2 40910  97.4738 333.3266 0013324 335.2452 139.6526 15.19849097342214
XW-2B
1 40911U 15049N   21329.76041759  .00001722  00000-0  89085-4 0  9996
2 40911  97.4897 330.7002 0013427 352.5480 182.2391 15.17524818341949
DCBB
1 40912U 15049P   21329.79010797  .00002907  00000-0  12832-3 0  9999
2 40912  97.4435 337.7620 0012387 301.6705 176.4828 15.22499539342735
TW-1A
1 40928U 15051D   21329.72950598  .00009646  00000-0  18235-3 0  9994
2 40928  97.0640 350.8998 0010700  66.0599  44.2781 15.48551959346625
IO-86
1 40931U 15052B   21328.13936117  .00000720  00000-0  11236-4 0  9993
2 40931   5.9987 193.4939 0012596 144.0043 216.0931 14.76706186332943
ATHENOXAT-1
1 41168U 15077C   21329.78738258  .00003677  00000-0  14663-3 0  9991
2 41168  14.9860 154.1029 0010297 267.7644 199.7232 15.16724240329309
ChubuSat-2
1 41338U 16012B   21329.44058672  .00000592  00000-0  38856-4 0  9992
2 41338  31.0026 242.0947 0013728 288.9568  70.9580 15.00702489316801
ChubuSat-3
1 41339U 16012C   21329.78097080  .00000582  00000-0  37927-4 0  9993
2 41339  31.0114 236.9998 0013669 301.3469  58.5837 15.00836408316853
Horyu-4
1 41340U 16012D   21329.37403873  .00000924  00000-0  61923-4 0  9994
2 41340  31.0040 221.0905 0013751 330.4824  29.5034 15.02178695317000
e-st@r-II
1 41459U 16025D   21329.86019032  .00004604  00000-0  22171-3 0  9993
2 41459  98.1642 116.0374 0156022 237.9816 120.6169 15.09196337306759
AAUSAT4
1 41460U 16025E   21329.66841651  .00007805  00000-0  35029-3 0  9995
2 41460  98.1602 120.5746 0141924 219.7220 139.3495 15.12845358307075
LO-87
1 41557U 16033B   21329.89205468  .00003344  00000-0  11561-3 0  9995
2 41557  97.3931  63.0217 0013139  28.6538 109.7325 15.30538812306219
NuSat2
1 41558U 16033C   21329.73935516  .00003505  00000-0  11342-3 0  9999
2 41558  97.4081  67.4722 0012096  21.9455 131.7677 15.32667429306417
Lapan A3
1 41603U 16040E   21329.88384852  .00000283  00000-0  16088-4 0  9998
2 41603  97.2356  10.5079 0014116 149.5208  23.3267 15.20175418301104
Pratham
1 41783U 16059A   21329.58213249  .00000109  00000-0  29909-4 0  9998
2 41783  97.9438  13.9934 0034864  97.6000 262.9165 14.63193333275811
TY-1
1 41844U 16066D   21329.69804410  .00002108  00000-0  83549-4 0  9993
2 41844  97.3964 338.2917 0012632 293.0194 178.2845 15.26450000280497
CAS-2T
1 41847U 16066G   21329.53020365  .00000191  00000-0  37896-4 0  9992
2 41847  98.5813  29.1647 0366016  99.4376 264.8374 14.38289876265035
EO-88
1 42017U 17008BX  21329.45227774  .00003852  00000-0  13742-3 0  9993
2 42017  97.2979  34.1239 0004193 250.0965 109.9824 15.29471650265854
CAS-4B
1 42759U 17034B   21329.60029840  .00000996  00000-0  72525-4 0  9997
2 42759  43.0188  14.9535 0006870  87.1191  44.9500 15.10563540245517
CAS-4A
1 42761U 17034D   21329.65048325  .00001004  00000-0  72830-4 0  9994
2 42761  43.0193  13.6164 0007025  91.1265  54.0871 15.10650539245529
NIUSat
1 42766U 17036B   21329.54216423  .00002184  00000-0  94235-4 0  9998
2 42766  97.2307   9.8115 0013813 334.0501  26.0043 15.23484468245732
Aalto 1
1 42775U 17036L   21329.59240950  .00001798  00000-0  78540-4 0  9996
2 42775  97.2271  10.0127 0012417 333.7758  26.2849 15.23295065245726
URSA MAIOR
1 42776U 17036M   21329.36698888  .00001923  00000-0  82998-4 0  9991
2 42776  97.2285  10.3605 0012189 333.8420  26.2201 15.23622884245713
Max Valier Sat
1 42778U 17036P   21329.50475795  .00002088  00000-0  88068-4 0  9996
2 42778  97.2353  12.7198 0010682 335.7842  24.2892 15.24336553245810
Pegasus
1 42784U 17036V   21329.54356575  .00002648  00000-0  10775-3 0  9992
2 42784  97.2302  13.3375 0010353 338.7312  21.3494 15.25322254245905
NUDATSat
1 42787U 17036Y   21329.58415262  .00004225  00000-0  15806-3 0  9991
2 42787  97.2346  16.3716 0009697 331.4615  28.6090 15.27810050245925
SUCHAI 1
1 42788U 17036Z   21329.38469053  .00003060  00000-0  12045-3 0  9995
2 42788  97.2309  14.4019 0009736 335.8629  24.2152 15.26325289246024
SKCUBE
1 42789U 17036AA  21329.57667070  .00003055  00000-0  12153-3 0  9990
2 42789  97.2305  14.2152 0009653 335.8857  24.1929 15.25975378245959
VZLUSAT 1
1 42790U 17036AB  21329.58189443  .00004262  00000-0  15969-3 0  9995
2 42790  97.2338  16.3537 0008744 330.0567  30.0172 15.27759157246079
VENTA 1
1 42791U 17036AC  21329.56685550  .00002665  00000-0  10682-3 0  9996
2 42791  97.2302  14.1931 0009373 337.2045  22.8776 15.25830130245947
Robusta 1B
1 42792U 17036AD  21329.58347058  .00003121  00000-0  12303-3 0  9997
2 42792  97.2307  14.6694 0009268 336.4230  23.6583 15.26266774245992
D-SAT
1 42794U 17036AF  21329.48660958  .00000581  00000-0  54566-4 0  9990
2 42794  97.4556 340.7895 0126225  48.1795 313.0122 14.91787868241066
TechnoSat
1 42829U 17042E   21329.61765304  .00000362  00000-0  41443-4 0  9999
2 42829  97.4433 190.3808 0013466 335.0025  25.0540 14.91410482237703
QIKCOM-1
1 42983U 98067NF  21329.81824513  .00015909  00000-0  12649-3 0  9994
2 42983  51.6335 157.1932 0003238 222.5219 137.5529 15.71412761232732
AO-91
1 43017U 17073E   21329.47567400  .00000841  00000-0  68908-4 0  9991
2 43017  97.6923 226.9714 0254542 134.5558 227.6751 14.79964718216934
EcAMSat
1 43019U 98067NG  21329.73821813  .00372369  80863-4  36281-3 0  9999
2 43019  51.6339  98.5154 0006250 308.9453  51.1004 16.10892920315821
PICSAT
1 43132U 18004X   21329.46800798  .00003374  00000-0  13025-3 0  9996
2 43132  97.3951  42.5329 0008759  11.3258 348.8176 15.26937663215242
AO-92
1 43137U 18004AC  21329.48572937  .00002537  00000-0  10108-3 0  9993
2 43137  97.3924  41.8144 0008699  14.3422 345.8061 15.26115557215210
TianYi 2
1 43155U 18008A   21329.74287494  .00001589  00000-0  93196-4 0  9992
2 43155  97.3830  29.7427 0018248 127.5065  20.8705 15.13036461212456
Zhou Enlai
1 43156U 18008B   21329.77919244  .00002316  00000-0  13559-3 0  9994
2 43156  97.3882  29.6217 0015432 127.0205 357.1144 15.12689900212390
TianYi 6
1 43158U 18008D   21329.65876426  .00001702  00000-0  10249-3 0  9998
2 43158  97.3814  27.8389 0014306 126.1508  24.9990 15.12024032212298
S-Net D
1 43186U 18014G   21329.69760852  .00000956  00000-0  87487-4 0  9994
2 43186  97.6683 234.2860 0009023 260.6599  99.3602 14.97245600208422
S-Net B
1 43187U 18014H   21329.56392933  .00000969  00000-0  88671-4 0  9992
2 43187  97.6679 234.1152 0009023 261.0517  98.9683 14.97244711208400
S-Net A
1 43188U 18014J   21329.56410078  .00000969  00000-0  88635-4 0  9994
2 43188  97.6683 234.1677 0009013 261.1755  98.8446 14.97243665208405
S-Net C
1 43189U 18014K   21329.49778341  .00000937  00000-0  85866-4 0  9995
2 43189  97.6679 234.0414 0009010 261.3620  98.6581 14.97243147206949
FMN 1
1 43192U 18015A   21329.75094324  .00006189  00000-0  21527-3 0  9999
2 43192  97.5101 106.3297 0014199  36.6749  70.6349 15.29993241212235
Shaonian Xing
1 43199U 18015H   21329.78829811  .00004183  00000-0  15131-3 0  9992
2 43199  97.4889 102.8724 0016105  46.3338  59.6424 15.28883649212286
SurfSat
1 43614U 18070B   21329.56063525  .00007113  00000-0  15309-3 0  9996
2 43614  93.0252  13.2111 0016156  96.5219 263.7878 15.44500241179511
CP-7 DAVE
1 43615U 18070C   21329.54790494  .00006383  00000-0  13924-3 0  9996
2 43615  93.0256  13.1373 0016364  96.8725 263.4394 15.44104834179496
ELFIN-B
1 43616U 18070D   21329.58904755  .00010296  00000-0  19259-3 0  9993
2 43616  93.0204  13.5977 0015605  92.5302 267.7744 15.48571498179679
ELFIN-A
1 43617U 18070E   21329.55307627  .00012776  00000-0  23263-3 0  9991
2 43617  93.0259  14.5990 0014810  90.1695 270.1262 15.49343101179696
CubeBel-1
1 43666U 18083E   21329.90257124  .00002285  00000-0  10874-3 0  9992
2 43666  97.4426 356.1944 0013318 331.7753 150.0177 15.20115953170535
Changshagaoxin
1 43669U 18083H   21329.69833141  .00002155  00000-0  10663-3 0  9992
2 43669  97.4342 352.5799 0009600 331.9830 165.1849 15.18852043170358
Ten-Koh
1 43677U 18084G   21329.57159005  .00000476  00000-0  54481-4 0  9990
2 43677  97.9400  93.2270 0015131 219.9587 140.0518 14.90598241167302
PO-101
1 43678U 18084H   21329.83560296 -.00000130  00000-0 -71286-5 0  9990
2 43678  97.9449  96.1583 0008668 234.2850 125.7585 14.91834314167494
IRVINE 01
1 43693U 18088D   21329.62092529  .00008469  00000-0  30956-3 0  9995
2 43693  85.0330  87.6773 0016536 144.2119 216.0238 15.27780655169023
QO-100
1 43700U 18090A   21329.48422340  .00000160  00000-0  00000-0 0  9993
2 43700   0.0124 326.9728 0002533 302.0632 355.7448  1.00273006 10982
Reaktor Hello World
1 43743U 18096AA  21329.48224249  .00003087  00000-0  10889-3 0  9994
2 43743  97.3736  45.7467 0018108  67.9741 292.3421 15.29866574166743
MinXSS-2
1 43758U 18099A   21329.47994424  .00001278  00000-0  11790-3 0  9993
2 43758  97.6512  37.2126 0014311 224.8131 135.1935 14.96330893162597
AO-95
1 43770U 18099N   21329.44070154  .00000239  00000-0  26696-4 0  9997
2 43770  97.6485  35.9418 0013312 236.1976 123.7979 14.95555714162515
RANGE-B
1 43772U 18099Q   21329.43357376  .00000471  00000-0  47076-4 0  9995
2 43772  97.6584  37.1950 0013061 221.9289 138.0933 14.95930735162522
RANGE-A
1 43773U 18099R   21329.46065105  .00000766  00000-0  74397-4 0  9998
2 43773  97.6413  35.1135 0012555 221.2770 138.7503 14.95386186162505
MOVE-II
1 43780U 18099Y   21329.46448466  .00001330  00000-0  12260-3 0  9999
2 43780  97.6508  36.7056 0012360 230.5989 129.4139 14.96299650162542
SNUSat 2
1 43782U 18099AA  21329.44825230  .00000355  00000-0  36937-4 0  9991
2 43782  97.6484  36.3463 0011841 220.2543 139.7803 14.95779573162537
SnugLite
1 43784U 18099AC  21329.44223246  .00000242  00000-0  26650-4 0  9998
2 43784  97.6447  36.0258 0013968 229.2010 130.8000 14.95923067162559
ITASat 1
1 43786U 18099AE  21329.46352602  .00000816  00000-0  78093-4 0  9996
2 43786  97.6506  36.7536 0014096 227.9368 132.0654 14.95817635162559
EAGLET 1
1 43790U 18099AJ  21329.46134989  .00000608  00000-0  59053-4 0  9991
2 43790  97.6494  37.2257 0012405 231.3410 128.6702 14.96136577162280
ESEO
1 43792U 18099AL  21329.47439173  .00000710  00000-0  68631-4 0  9993
2 43792  97.6460  36.6928 0012078 227.9286 132.0909 14.95841587162338
CSIM
1 43793U 18099AM  21329.46183555  .00001223  00000-0  11127-3 0  9990
2 43793  97.6501  37.3823 0012248 222.7455 137.2815 14.96968051162359
Astrocast 0.1
1 43798U 18099AS  21329.45124839  .00000411  00000-0  41274-4 0  9999
2 43798  97.6503  37.4870 0011744 209.8565 150.1988 14.96431354162599
JO-97
1 43803U 18099AX  21329.46553288  .00001058  00000-0  98972-4 0  9996
2 43803  97.6467  36.4935 0014028 227.2965 132.7076 14.96114017162567
Suomi 100
1 43804U 18099AY  21329.40782542  .00001185  00000-0  11037-3 0  9995
2 43804  97.6466  36.3890 0013969 227.5299 132.4743 14.96074628162563
Al Farabi 2
1 43805U 18099AZ  21329.71670403  .00000467  00000-0  46279-4 0  9991
2 43805  97.6464  37.0034 0014269 227.9543 132.0492 14.96357939162623
CHOMPTT
1 43855U 18104G   21329.55447851  .00002243  00000-0  88780-4 0  9991
2 43855  85.0377 186.7002 0014378 273.0002  86.9596 15.24733503163633
ISAT
1 43879U 18111D   21329.84523417  .00001079  00000-0  98920-4 0  9993
2 43879  97.6749 234.1601 0011186 286.7023  73.2928 14.96924674157193
UWE-4
1 43880U 18111E   21329.54111180  .00000895  00000-0  82504-4 0  9998
2 43880  97.6766 234.4354 0010801 286.3087  73.6946 14.97134806157185
Sparrow
1 43881U 18111F   21329.57205792  .00000840  00000-0  77557-4 0  9997
2 43881  97.6790 234.6323 0010654 285.4618  74.5427 14.97214142159196
Lume 1
1 43908U 18111AJ  21329.51044733  .00002631  00000-0  10103-3 0  9990
2 43908  97.2131 218.9493 0021856  80.5189 279.8519 15.27095244162243
FO-98
1 43933U 19003B   21329.56095099  .00022045  00000-0  67878-3 0  9997
2 43933  97.1662   5.3900 0013819 169.8496 190.3029 15.33555726158737
FO-99
1 43937U 19003F   21329.35070480  .00002981  00000-0  11512-3 0  9996
2 43937  97.1579   6.0086 0023237 157.3714 202.8555 15.26761685158807
MYSat 1
1 44045U 18092F   21329.36095453  .00008016  00000-0  19035-3 0  9995
2 44045  51.6378 359.6796 0010484  69.5346 290.6764 15.42588017156270
AstroCast 0.2
1 44083U 19018F   21329.61202832  .00003421  00000-0  14578-3 0  9997
2 44083  97.3530  27.5730 0013838 123.2170 237.0396 15.23536764147421
AISTechSat 3
1 44103U 19018AB  21329.69622098  .00002330  00000-0  96614-4 0  9998
2 44103  97.3396  28.0994 0014230 131.0302 346.7997 15.24781425147571
AISat 1
1 44104U 19018AC  21329.50269965  .00002459  00000-0  76303-4 0  9994
2 44104  97.4137  47.1583 0056678 140.5288 220.0104 15.32815851148331
Prox-1
1 44339U 19036A   21329.54536635  .00001325  00000-0  25949-3 0  9999
2 44339  24.0013  39.3851 0010717 139.1334 220.9962 14.53935157128637
Oculus-ASR
1 44348U 19036K   21329.75294342  .00022344  00000-0  27939-3 0  9993
2 44348  28.5105 136.2169 0304675 219.9105 137.8716 15.18759077133398
Armadillo
1 44352U 19036P   21329.58549904  .00035480  00000-0  38318-3 0  9994
2 44352  28.5293 101.1159 0258248 274.8529  82.2630 15.30855944133689
NO-104
1 44354U 19036R   21329.73764494  .00022741  00000-0  27607-3 0  9991
2 44354  28.5268 126.9964 0298456 232.4412 124.8718 15.20592866133475
NO-103
1 44355U 19036S   21329.54701676  .00049342 -57283-5  40159-3 0  9998
2 44355  28.5255  50.5536 0204718 357.2181   2.7278 15.46038754134235
Move-IIb
1 44398U 19038N   21329.56672530  .00002815  00000-0  15476-3 0  9992
2 44398  97.6042 293.1274 0025220 111.5752 248.8170 15.14655918132145
SONATE
1 44400U 19038Q   21329.58236965  .00001003  00000-0  60200-4 0  9990
2 44400  97.6124 292.8470 0025982 113.3079 247.0892 15.12980058132091
BeeSat 9
1 44412U 19038AC  21329.31695324  .00002292  00000-0  12922-3 0  9990
2 44412  97.6105 292.9994 0023322 117.3254 243.0356 15.13991455131780
JAISAT-1
1 44419U 19038F   21329.82987466  .00001947  00000-0  10889-3 0  9990
2 44419  97.6109 294.1876 0022286 113.5326 246.8250 15.14479082132211
LightSail-2
1 44420U 19036AC  21329.40618504  .00014912  00000-0  28473-2 0  9991
2 44420  24.0047   8.3745 0011249 146.5211 213.5994 14.62296428127172
Taurus 1
1 44530U 19059C   21329.86510059  .00000748  00000-0  22087-3 0  9992
2 44530  98.5510  61.5907 0013420  20.3559 339.8152 14.46315966116417
Duchifat 3
1 44854U 19089C   21329.79139005  .00000924  00000-0  79563-4 0  9992
2 44854  36.9641 226.3277 0008545 356.2601   3.8126 14.99814125107338
OPS-SAT
1 44878U 19092F   21329.75211065  .00001822  00000-0  95026-4 0  9995
2 44878  97.4756 151.0046 0012936 335.3760  24.6855 15.17171324107286
TO-108
1 44881U 19093C   21329.82330956  .00000137  00000-0  24134-4 0  9999
2 44881  97.9134  46.7965 0016133 125.1412 235.1311 14.81513799104624
FloripaSat 1
1 44885U 19093G   21329.47681127  .00000538  00000-0  73612-4 0  9993
2 44885  97.9160  47.2978 0015715 133.8440 226.4095 14.82478334104627
RS-44
1 44909U 19096E   21329.52691521  .00000003  00000-0 -40539-4 0  9998
2 44909  82.5229   5.7866 0218490  76.6326 285.9032 12.79711305 89420
HO-107
1 45119U 19071J   21329.32672707  .00004078  00000-0  11941-3 0  9997
2 45119  51.6418 336.0035 0010784 146.6051 213.5615 15.37524969101905
Phoenix
1 45258U 98067RB  21329.47850222  .00017992  00000-0  20829-3 0  9993
2 45258  51.6364 240.6074 0006795 130.1713 229.9876 15.61892835100324
AztechSat-1
1 45261U 98067RE  21329.04846517  .00371962  68037-4  80197-3 0  9994
2 45261  51.6222 212.7074 0008673 179.7719 180.3296 15.97833912100688
QARMAN
1 45263U 98067RG  21329.43910794  .00071066  00000-0  44583-3 0  9991
2 45263  51.6328 225.2793 0007931 150.5621 209.5827 15.76070189100588
Quetzal 1
1 45598U 98067RL  21329.45372548  .00050713  00000-0  39222-3 0  9993
2 45598  51.6350 232.9512 0003855 148.7663 211.3565 15.71360357 89753
BY70-2
1 45857U 20042B   21329.85002291  .00001885  00000-0  27065-3 0  9996
2 45857  97.9737  43.8845 0011701  60.3012 299.9360 14.77604856 75375
UPMSat 2
1 46276U 20061E   21329.47051328  .00000983  00000-0  53325-4 0  9993
2 46276  97.4175  39.9035 0002468 124.7556 235.3910 15.16824483 67940
AmicalSat
1 46287U 20061R   21329.46551744  .00001368  00000-0  85867-4 0  9995
2 46287  97.4725  39.1052 0001240 249.1653 110.9444 15.10930989 67652
SALSAT
1 46495U 20068K   21329.58066466  .00001221  00000-0  93477-4 0  9992
2 46495  97.7048 266.2377 0015554 247.4096 112.5484 15.03674961 63545
BY70-3
1 46839U 20079N   21329.86015485  .00005341  00000-0  15791-3 0  9991
2 46839  97.2254  40.5263 0006739   2.3675 109.2079 15.35325704 58959
SPOC
1 46921U 98067RR  21329.49250473  .00018720  00000-0  23782-3 0  9996
2 46921  51.6394 250.5349 0001161  67.3694 292.7421 15.59438097 59949
Bobcat-1
1 46922U 98067RS  21329.46996258  .00031739  00000-0  33054-3 0  9990
2 46922  51.6404 245.9189 0002376  99.7191 260.4072 15.64261548 59969
Neutron-1
1 46923U 98067RT  21329.26511674  .00018363  00000-0  23469-3 0  9991
2 46923  51.6399 252.0152 0001669  66.3209 293.7959 15.59293601 59924
CAPE 3
1 47309U 21002A   21329.75314406  .00002480  00000-0  11875-3 0  9994
2 47309  60.6868  48.5889 0040244 132.8933 227.5544 15.21641589 47422
AO-109
1 47311U 21002C   21329.50716618  .00002188  00000-0  10417-3 0  9997
2 47311  60.6867  47.9935 0036268 129.1307 231.3013 15.22448789 47381
MiTEE 1
1 47314U 21002F   21329.78918322  .00003650  00000-0  15552-3 0  9996
2 47314  60.6857  44.1840 0037839 121.6671 238.8117 15.24574838 47499
ExoCube 2
1 47319U 21002L   21329.51746318  .00002134  00000-0  10295-3 0  9991
2 47319  60.6851  48.5743 0036680 132.0206 228.4014 15.22066764 47348
UVSQ-SAT
1 47438U 21006AB  21329.58223147  .00001588  00000-0  91844-4 0  9996
2 47438  97.4680  27.7901 0011024 260.2003  99.7984 15.13662195 46420
YUSAT 1
1 47439U 21006AC  21329.58159550  .00001867  00000-0  10710-3 0  9995
2 47439  97.4685  27.8019 0010885 260.4778  99.5224 15.13737890 46422
SOMP 2b
1 47445U 21006AJ  21329.41647127  .00001320  00000-0  77347-4 0  9990
2 47445  97.4652  27.4404 0010673 265.2734  94.7279 15.13471912 46390
IDEASSat
1 47458U 21006AX  21329.44397617  .00001415  00000-0  83028-4 0  9991
2 47458  97.4742  27.7706 0009750 262.8963  97.1159 15.13332710 46399
RSP-01
1 47925U 98067SB  21329.23146591  .00019940  00000-0  27775-3 0  9999
2 47925  51.6404 259.2772 0000782 123.8343 236.2724 15.56925289 39778
TAUSAT-1
1 47926U 98067SC  21329.28493307  .00026421  00000-0  33850-3 0  9998
2 47926  51.6392 257.3709 0000810 152.8240 207.2796 15.58982801 39798
Tsuru
1 47927U 98067SD  21329.27406531  .00017607  00000-0  25245-3 0  9996
2 47927  51.6407 259.5606 0000585 136.3155 223.7883 15.56235921 39777
STARS-EC
1 47928U 98067SE  21329.22348592  .00031878  00000-0  40690-3 0  9991
2 47928  51.6397 258.4620 0004015  34.3174 325.8078 15.58971838 39765
Maya-2
1 47929U 98067SF  21329.52660477  .00017679  00000-0  25327-3 0  9997
2 47929  51.6401 258.2453 0000640 149.5064 210.5964 15.56255458 39777
OPUSAT-II
1 47930U 98067SG  21329.40842647  .00030100  00000-0  37433-3 0  9992
2 47930  51.6398 256.7093 0001864 128.9372 231.1787 15.59696292 39825
GuaraniSat-1
1 47931U 98067SH  21329.52353526  .00017828  00000-0  25497-3 0  9998
2 47931  51.6410 258.2294 0000646 153.0713 207.0312 15.56294244 39819
CubeSX-Sirius-HSE
1 47951U 21022V   21329.85370225  .00001513  00000-0  10732-3 0  9998
2 47951  97.5452 228.6590 0023259 119.1939 241.1591 15.06038390 37341
CubeSX-HSE
1 47952U 21022W   21329.84724098  .00001217  00000-0  87060-4 0  9999
2 47952  97.5456 228.6624 0023233 118.4815 241.8734 15.06075889 37341
KSU-Cubesat
1 47954U 21022Y   21329.50092834  .00000702  00000-0  51897-4 0  9997
2 47954  97.5452 228.3659 0022802 119.3093 241.0416 15.06179817 37012
GRBAlpha
1 47959U 21022AD  21329.84729424  .00001249  00000-0  89257-4 0  9999
2 47959  97.5456 228.6808 0023108 118.9828 241.3699 15.06082289 36168
Orbicraft-Zorkiy
1 47960U 21022AE  21329.83587533  .00000942  00000-0  68219-4 0  9997
2 47960  97.5468 228.7343 0022843 118.1032 242.2510 15.06154712 36851
STECCO
1 47962U 21022AG  21329.74111640  .00002323  00000-0  15718-3 0  9991
2 47962  97.5425 228.9292 0017932 114.7201 325.3760 15.07371260 36168
DO-111
1 47963U 21022AH  21329.69927912  .00002935  00000-0  19180-3 0  9999
2 47963  97.5446 229.1481 0020568 110.4217 249.9223 15.08418069 36192
MO-110
1 47964U 21022AJ  21329.48304867  .00001878  00000-0  12672-3 0  9999
2 47964  97.5443 228.8031 0020972 112.5934 247.7515 15.07654662 36139
FEES
1 48082U 21022AL  21329.55141429  .00002702  00000-0  18218-3 0  9991
2 48082  97.5445 228.7484 0017169 109.1024 251.2065 15.07373352 35841
RamSat
1 48850U 98067SL  21329.80841726  .00012791  00000-0  20824-3 0  9997
2 48850  51.6415 260.8456 0004530  40.5809 319.5518 15.53018746 25557
MO-112
1 48868U 98067SP  21329.23896848  .00030624  00000-0  42550-3 0  9993
2 48868  51.6395 262.2935 0003983  70.0900 290.0520 15.56722718 24269
TUBIN
1 48900U 21059X   21329.83050984  .00001401  00000-0  84118-4 0  9994
2 48900  97.5297  96.3977 0011953  86.1698  66.1353 15.12504291 23122
IT-SPINS
1 49017U 21013G   21329.60960313  .00001501  00000-0  76162-4 0  9996
2 49017  51.6054 292.4579 0007315  44.7923 315.3644 15.23415668 22682
LEDSAT
1 49069U 21073D   21329.65741093  .00000730  00000-0  52194-4 0  9998
2 49069  97.5487  41.5641 0026459 271.8620  87.9578 15.07328446 15126
CUTE
1 49263U 21088D   21329.44349634  .00000715  00000-0  59346-4 0  9991
2 49263  97.6177  36.4096 0019774  50.7230 309.5745 15.01746110  8799
Binar-1
1 49272U 98067SR  21329.72705362  .00012418  00000-0  21443-3 0  9996
2 49272  51.6414 263.2908 0003203 278.7726  81.2901 15.51396114  7907
Maya-3
1 49273U 98067SS  21329.52950151  .00015407  00000-0  26131-3 0  9993
2 49273  51.6413 264.2215 0002800 271.8068  88.2601 15.51695039  7872
Maya-4
1 49274U 98067ST  21329.53086941  .00015313  00000-0  26023-3 0  9998
2 49274  51.6410 264.2306 0002758 270.4221  89.6452 15.51645037  7871
CUAVA-1
1 49275U 98067SU  21329.85569935  .00016360  00000-0  27683-3 0  9999
2 49275  51.6429 262.5761 0002687 287.0597 104.5355 15.51708403  7875
TeikyoSat 4
1 49396U 21102B   21329.82058672 -.00000261  00000-0 -16213-4 0  9990
2 49396  97.5618  28.9055 0013413 212.1063 147.9338 15.00255237  2518
Z-Sat
1 49399U 21102E   21329.82807941 -.00000075  00000-0 -11722-5 0  9998
2 49399  97.5624  28.9567 0018829 195.2574 305.5819 15.01925569  2519
KOSEN 1
1 49402U 21102H   21329.75264348  .00000900  00000-0  71370-4 0  9992
2 49402  97.5583  28.8880 0022141 190.8856 314.7593 15.02813560  2509
